6.619345189236707228e-01
5.464540677352582865e-01
7.964653427432633048e-02
3.857158306363607236e-01
1.181227024417075278e-01
9.578793164195179566e-01
3.980689343989169959e-01
7.327914857569135521e-01
8.296841842940397838e-01
5.827997192678366911e-01
4.340866750025428322e-01
5.371860316220133935e-01
4.859542502784496287e-01
4.770351533873495864e-01
4.760737351428615538e-01
4.020907353262910267e-01
6.475694519871110222e-01
3.614298850732660107e-01
3.717476173826999020e-01
3.056156194794862335e-01
7.376221559549676066e-01
9.406166074909085850e-01
9.641036724688049064e-01
1.572967670318781153e-02
3.587585306748131142e-01
2.727103182953941607e-01
8.329746783241501751e-01
8.625505120803819148e-01
5.339030119499749150e-01
2.127165785076703397e-01
1.802981672672402391e-01
4.305728799738950396e-01
9.022136339967253837e-01
7.022724568561025116e-01
1.398080422664457201e-01
9.371641829729904227e-01
8.924099377890282181e-01
1.647817069457853112e-01
8.590386411679179490e-01
1.319532700869100461e-01
1.059628426224085151e-01
7.509029380704687062e-01
4.593408139439459914e-01
9.076824566987015119e-01
4.167286584523410831e-02
2.725381464383358487e-02
2.340038422315331434e-01
9.088620042243743535e-01
7.653262166002743339e-01
1.369129118790605171e-01
